12
 0 29 82 46 68 52 72 42 51 55 29 74
29  0 55 46 42 43 43 23 23 31 41 51
82 55  0 68 46 55 23 43 41 29 79 21
46 46 68  0 82 15 72 31 62 42 21 51
68 42 46 82  0 74 23 52 21 46 82 58
52 43 55 15 74  0 61 23 55 31 33 37
72 43 23 72 23 61  0 42 23 31 77 37
42 23 43 31 52 23 42  0 33 15 37 33
51 23 41 62 21 55 23 33  0 29 62 46
55 31 29 42 46 31 31 15 29  0 51 21
29 41 79 21 82 33 77 37 62 51  0 65
74 51 21 51 58 37 37 33 46 21 65  0


4
0  92  89  17  
92  0  24  95  
89  24  0  67  
17  95  67  0




6
 0 20 30 31 28  4
30  0 10  4 20 44
40 20  0 10 22 50
41  4 20  0 14 42
38 30 32  4  0 28
50  4 60 52 38  0



10
0  81  50  18  75  39  107  77  87  43  
81  0  76  21  37  26  34  58  66  15  
50  76  0  24  14  58  100  68  33  30  
18  21  24  0  19  58  68  62  84  81  
75  37  14  19  0  31  60  65  29  91  
39  26  58  58  31  0  64  21  42  46  
107  34  100  68  60  64  0  15  55  16  
77  58  68  62  65  21  15  0  17  34  
87  66  33  84  29  42  55  17  0  68  
43  15  30  81  91  46  16  34  68  0 






10
0  81  50  18  75  39  107  77  87  43  
81  0  76  21  37  26  34  58  66  15  
50  76  0  24  14  58  100  68  33  30  
18  21  24  0  19  58  68  62  84  81  
75  37  14  19  0  31  60  65  29  91  
39  26  58  58  31  0  64  21  42  46  
107  34  100  68  60  64  0  15  55  16  
77  58  68  62  65  21  15  0  17  34  
87  66  33  84  29  42  55  17  0  68  
43  15  30  81  91  46  16  34  68  0 

4
0  92  89  17  
92  0  24  95  
89  24  0  67  
17  95  67  0

30 10
9 116
13 103
3 84
5 83
7 54
8 72
10 89
3 103
9 43
6 115

16 12 
1 10
2 5
3 11
4 6
5 12
6 7
7 13
8 8
9 14
10 9
11 15
12 10


26 16 
1 10
2 5
30 10
9 116
13 103
3 84
5 83
7 54
8 72
10 89
3 103
9 43
6 115


3 11
4 6
5 12
6 7
7 13


8 8
9 14
10 9
11 15
12 10
13 25
14 20
15 26
16 50



90 32
9 116
13 103
3 84
5 83
7 54
8 72
10 89
3 103
9 43
6 115
11 121
7 90
15 133
5 60
9 70
12 122
17 155
13 75
4 44 
7 56
12 78
8 78
9 145
17 51
18 100
2 13
3 30
11 66
28 120
15 125
12 90
16 150

30 10
9 116
13 103
3 84
5 83
7 54
8 72
10 89
3 103
9 43
6 115



10
0  81  50  18  75  39  107  77  87  43  
81  0  76  21  37  26  34  58  66  15  
50  76  0  24  14  58  100  68  33  30  
18  21  24  0  19  58  68  62  84  81  
75  37  14  19  0  31  60  65  29  91  
39  26  58  58  31  0  64  21  42  46  
107  34  100  68  60  64  0  15  55  16  
77  58  68  62  65  21  15  0  17  34  
87  66  33  84  29  42  55  17  0  68  
43  15  30  81  91  46  16  34  68  0 


4
0  92  89  17  
92  0  24  95  
89  24  0  67  
17  95  67  0


50 3
10 60
20 100
30 120



10
0  81  50  18  75  39  107  77  87  43  
81  0  76  21  37  26  34  58  66  15  
50  76  0  24  14  58  100  68  33  30  
18  21  24  0  19  58  68  62  84  81  
75  37  14  19  0  31  60  65  29  91  
39  26  58  58  31  0  64  21  42  46  
107  34  100  68  60  64  0  15  55  16  
77  58  68  62  65  21  15  0  17  34  
87  66  33  84  29  42  55  17  0  68  
43  15  30  81  91  46  16  34  68  0 



4
0  92  89  17  
92  0  24  95  
89  24  0  67  
17  95  67  0



50 3
10 60
20 100
30 120


10 6
7 75
8 150
6 250
4 35
3 10
9 100